-7.347285138636337
-7.6131828146763105
-8.672393153641089
-5.39425875896068
-9.10351232379694
-9.660783600898174
-4.899569132768822
-9.645903608579918
-3.6679517361880034
-4.258388918391085
-4.10006364708823
-7.204971089180425
-6.194935617799958
-2.217981220048487
-8.590515524097189
-3.715634318857207
-2.9360437832291124
-3.0549399999058835
-3.7379128151021606
-7.470752317663907
-8.689102600106379
-5.433086446350429
-3.54643392164252
-3.399647783260816
-5.353149319432028
-4.261997321211099
-7.756738449552379
-7.229468303116972
-3.0856776594857385
-6.026472110879807
-2.3318108284923564
-3.9325846200900516
-4.8500527541551035
-1.2278327560651707
-4.0266428511091785
-4.1932108762465905
-7.199078398720022
-1.5663501052138766
-1.4206767843001202
-4.579485900404711
-6.535313625493686
-8.961462651397417
-8.045494970342316
-3.282065439592337
-3.2961062897250697
-3.2262972990054264
-6.187388293547167
-3.437486889628442
-7.709148344896262
-8.507214638596071
-2.1432752969115754
-3.7526398159872096
-2.844930501525279
-7.304360147531117
-4.0865812579616945
-4.633573457154509
-9.158752625855275
-7.6865479480837795
-8.911676101465396
-4.2771117691938505
-1.9113069819518884
-2.705247986613453
-1.4096391546745135
-4.302938662332499
-5.739822853769686
-1.181331781001381
-7.251315456118658
-2.0118373230921236
-6.427121175820423
-4.9231402487639935
-7.746711660871506
-8.764984397060697
-1.9425145492082443
-7.477886819512465
-5.243522635971411
-5.818297060213152
-2.115910193554079
-8.328082560779276
-5.621920907823264
-2.5624129665558844
-6.0149083721631635
-3.8772701974962454
-1.793958378972059
-9.079105124164785
-6.104207645213604
-6.8681593644998085
-9.995776861306659
-4.338717768846848
-6.376976584015306
-4.87157641448893
-9.743788782114464
-1.3470765051522609
-2.500181496291953
-9.530215628246673
-3.56639737814156
-8.615101767450419
-7.613367120918334
-3.554152169000309
-3.7782803648320957
-1.6981517615704274
-1.5168878147498646
-4.686905210560874
-6.902565305837045
-9.726735207133034
-2.187469345724243
-6.894128198299739
-2.0433315162130894
-3.231212551130767
-3.970944059457678
-7.025685740915452
-7.959030244331633
-3.9248011165832324
-6.742432293082019
-9.562955698432836
-4.466156647632262
-3.96499498857958
-5.837081484431239
-1.7576705920293936
-4.188044728847782
-6.215112961182959
-2.852375111071461
-2.8547577003448117
-4.918035374059727
-2.1494658911760647
-6.901175975340912
-8.434462585119356
-9.212428882444316
-9.718869191451095
-7.775166239746709
-2.121056064673387
-5.901921428066929
-7.441468451389878
-6.3634433304900035
-1.6992748587769917
-9.57686449809586
-7.01587259859234
-9.31437361983781
-4.283640766334269
-7.703755962414022
-2.791510348123805
-5.778526799700823
-1.135061576316728
-7.633998934151374
-1.6638860752331777
-6.2567628201433125
-7.306893829095228
-6.052973935609836
-3.646027779230997
-1.279657037629212
-4.485429288973769
-3.7753913691656873
-1.2687128218855648
-1.7151656535190813
-4.761421491892173
-4.68607215501171
-6.135428168923322
-2.86112351552274
-2.9214203852771323
-5.030332844622482
-4.684853516574803
-6.1548968767908105
-8.1822622253127
-8.623014666990581
-3.6799653733978266
-9.235705636762313
-8.573181601292333
-4.152013843184283
-8.319661810996664
-7.011997571660751
-9.174892690539753
-4.109192498131233
-5.821385120668466
-9.547280934740611
-5.503060623515419
-3.9855189939927502
-2.13230126286786
-5.644827257414999
-1.2427372482509682
-9.11114518483698
-9.903471178981645
-7.636267714718639
-3.738139208061858
-2.959820102338427
-8.257590152900462
-2.0987289747583775
-1.1620805085245038
-7.606418315058946
-3.5795057558642975
-5.2105669768980185
-1.1796019821352157
-9.490414541568837
-8.966814196349201
-4.5451430525832315
-9.910418147483641
-3.2441999771492993
-1.88198404112633
-4.72952993479792
-1.8660337170019208
-3.646318397787094
-8.056477180949093
-5.5230922400743605
-9.256137217113627
-6.738629262396399
-3.5933530329272703
-2.5129877015490045
-8.46115192300163
-9.4691985905994
-6.28563639059452
-1.196487249401292
-7.441770785331899
-9.700599564131123
-1.0269564899841601
-5.201830627441961
-9.510861095091663
-9.213068434984715
-9.750733988294673
-2.337956805445118
-9.480268592787379
-5.104618393663903
-5.179828254331336
-8.317157849633569
-4.777155655990364
-4.613642460860209
-8.238195673072696
-4.190735994649909
-9.36201888975486
-3.9457057053271143
-6.667641204123603
-3.207679285840551
-5.147198166193946
-4.743992648541321
-4.146721482012533
-1.9630259073483298
-7.61006981723961
-1.6359427496929442
-8.72611380323129
-4.721116209871899
-5.844002017916599
-5.883762854778313
-5.011233762068963
-1.5926403279320613
-7.64930681372669
-7.979521372190774
-1.8369397277263921
-8.308132873887642
-7.121470238576702
-5.816982415667589
-5.7649515932918645
-9.536870657697426
-2.2753732598034917
-1.5306896080124748
-6.248585867026911
-3.906639702090146
-8.748274909954507
-4.869802973314752
-3.661973741586979
-1.3826686687575922
-9.268426311817064
-5.126874350548337
-8.526128639138417
-3.2774860820117473
-7.005262804413835
-7.23810950898461
-4.886703417332804
-9.467098548818564
-3.2693528564311247
-9.170814693072
-9.327047022302525
-8.65393480782238
-1.3305871078051386
-4.126731078921164
-6.55096531819209
-2.7113902987807075
-3.965815975169778
-3.8117902915354733
-9.20401081594825
-4.3729929467023485
-4.872029297808113
-6.848957466333158
-3.7865935889181914
-2.565553125380468
-7.785222215790164
-8.166003836019767
-9.963963246111415
-5.091066154973922
-7.201073789983699
-7.747992016180173
-2.563663591181542
-4.354618144319818
-5.140090380569221
-9.940477860840545
-1.671126120049058
-4.4592663091554785
-5.726324363639701
-6.603933894519628
-6.97228794828866
-6.391646780442841
-2.619994166199721
-6.070001605792876
-4.100098887661315
-1.8863839869175791
-7.543802864534285
-5.126647011860165
-3.3695667902385047
-4.887804523199418
-4.456080534049366
-2.566786706238351
-5.942170835819805
-1.1734564568685606
-7.290371499467015
-9.82066147518106
-4.47456895375832
-5.054640546992461
-6.933237409459296
-4.148713397406076
-2.5696551826162493
-9.817528797072525
-2.5978344717291186
-1.1931613502684435
-1.764356466160411
-4.556582852475502
-5.110447965952016
-7.13662418910505
-5.353731754505415
-1.7715448766369697
-7.64914928204275
-9.619640931193928
-3.7635030147616177
-8.998147078484582
-1.0807505285072363
-1.8380652406356717
-1.542963061325823
-7.039667940736711
-7.43700213014554
-3.588223525891813
-9.50886754891607
-1.4611989678107342
-6.712812022492058
-3.0410541053254114
-5.734791799805998
-4.24308665092444
-2.1599674045146395
-5.5600523022779615
-5.565171685496635
-7.01025146324892
-4.843938232465442
-7.035492693921887
-3.244589420727735
-7.972394708153406
-4.910380555341106
-2.0555792264223474
-7.689182123568903
-8.494218708555486
-2.414801374174985
-7.401945230871799
-4.1098324284129175
-4.816656509957658
-7.765681002638723
-1.0588474928333529
-4.5862532377162974
-6.540941814655178
-4.814031487932832
-8.961535136383834
-5.51149827273486
-8.707596864870473
-2.9463312729847084
-2.174693046118736
-3.309600242139094
-6.027419149763629
-5.046726587809119
-7.0244216092787415
-4.95535177918982
-2.4042573672560152
-9.91402221339069
-9.844220490252967
-6.146658094156033
-5.797539330487417
-5.617316884189792
-1.9608949783984446
-1.4307937957937789
-4.296065034357385
-1.4948070907740725
-7.125221698951663
-5.021732792052471
-8.052737241845493
-9.608864392045135
-9.682010519211243
-4.463824787433962
-8.152001719876509
-2.934525459690498
-8.768998910550547
-5.364708206685302
-1.830897593176962
-5.922376204710627
-1.7628900170499069
-4.517840108098768
-6.808915667580203
-7.227536809981892
-5.157170530132883
-3.363654834571536
-8.519263514380174
-2.523812076625796
-7.583237156433881
-2.1402384938520846
-6.03264628441076
-9.822742831590917
-9.245084249045394
-3.1126096580280542
-1.9731349271751952
-9.538350343364629
-7.5893040548901425
-9.111030310538126
-3.099985165747823
-6.867363447557796
-8.534178165443713
-4.656780018831882
-5.982536078340861
-8.492637933408563
-1.112466348336227
-2.9183815864643288
-5.612086165081189
-2.274976305912819
-6.81621508406989
-4.49057610133462
-7.79376548730724
-9.349405603657695
-1.1899675992611698
-8.185320216992073
-4.629895703842724
-9.674514053138058
-6.8779709605249515
-5.080482353067705
-6.79691059094141
-1.7435191025161991
-7.96599218472309
-5.905188870297705
-2.116248888495125
-4.157169679264136
-3.7278275008157067
-1.9032017359923827
-4.292410880001325
-3.2001992183760226
-1.1467595798518921
-1.366314132387373
-4.6088881371554
-7.254930676400845
-6.016320792713518
-8.212658493632425
-8.010923770370198
-6.4017449789739445
-4.974291188358488
-8.532061659401958
-4.730330683896543
-4.104358609053867
-7.655799086441441
-9.760816582657526
-8.900768397824914
-8.089582143739854
-1.5227049290229306
-5.198911349709418
-7.124079956222094
-8.02111321263839
-4.121977247118592
-3.64282670698133
-3.8344456509352254
-7.82330670575343
-9.88201036114088
-5.693253693261969
-6.343649149670043
-8.991394032114538
-1.1509114356527004
-2.7175638346434967
-1.2048942145467887
-1.6866910849735213
-2.670411332067797
-1.8954975098162503
-8.736764359815647
-9.28927584948073
-3.383145719189147
-2.2971345248557276
-5.732080595490146
-2.144878454546702
-6.798433136615826
-6.708214330991778
-8.077753778380616
-6.226337388394779
-9.389455555365023
-4.608831529095193
-8.286961154364029
-1.1616127821342808
-8.482732636310537
-9.293065486642757
-3.0415836700309766
-2.20666192115751
-9.803429655739814
-7.0042981956231
-7.28524108908691
-7.552200507893063
-8.52500516131019
-8.470671418538615
-6.493590668794193
-1.832971190067834
-1.3320962719194185
-8.752884646064402
-1.9042334070901354
-1.258074052943492
-4.520871432932166
-4.061354680952207
-3.452616188922513
-1.8152378822408082
-8.58608138902047
-4.436974782696409
-6.42557328584375
-9.07629326228378
-5.436714150888291
-3.5489744573554427
-1.8442647041502092
-3.824007751946665
-1.9437015909036859
-9.73926251179136
-2.8425555167840644
-5.979839103536184
-4.676814879595148
-7.03958330135573
-2.1345097460998144
-9.142943610810294
-2.598208183109554
-5.9189021021181105
-2.907637984296578
-5.116783022172703
-4.6270832148968175
-1.1883253441663477
-6.744866329533125
-2.7590757731234072
-2.896120727433857
-1.3363520264368063
-3.995370335542714
-6.679025062550547
-8.313060069891288
-7.9890587396642525
-8.43905105614327
-4.62625427453735
-8.465684763122033
-1.5995287620535557
-9.456603852524236
-7.857100239757334
-4.516540923025279
-6.966003257021369
-4.076372598853396
-6.863302020687032
-6.380963023739641
-8.963459416962793
-5.879102299364607
-8.074000137301562
-2.916325530856372
-9.68033963028331
-4.152092173512904
-7.167551441858526
-9.3800327600701
-1.0095028407105868
-1.50369655805493
-4.729975670066181
-9.078704446560659
-5.330234051092761
-6.43768091867727
-5.979664097879346
-6.02449740359185
-7.333312874239021
-2.4855089394727594
-6.107628790485482
-2.2119882615138327
-2.059259446174294
-6.6002886481147165
-8.57363035450085
-7.111563534273749
-4.873392817113392
-7.721355372576676
-5.874981402739127
-1.440188652099554
-4.9929617794223535
-3.6151823679030413
-9.69999297484506
-6.051571197537043
-8.090081465618553
-3.495921852740894
-9.595301529969971
-7.747898129121245
-6.511053052064735
-8.650597020358425
-3.3089870059794206
-9.873166788671176
-9.197183224479705
-4.657826259892153
-6.27336897048362
-7.9684813219691035
-1.755200002289138
-9.525055421669087
-9.219622489472103
-9.492877552434315
-9.197879076236294
-4.5169695375978245
-9.586794309752996
-3.519492104495468
-5.9548837477212855
-6.007164673509429
-2.589862068539322
-6.814340670084061
-9.763504140208804
-5.915161879369319
-3.325046527153771
-6.652686651942481
-9.186940411700958
-4.137583825944278
-2.0034251931320535
-4.043499213331307
-6.97718510157292
-8.563672056556879
-7.534297811740821
-1.4803225813794523
-7.224518823404866
-7.240281108109011
-5.581374503979394
-7.659271484426471
-1.1811799301184607
-1.9321963480536688
-9.693229239161267
-4.037684916573647
-7.289013370363406
-6.277400253621405
-5.580997889446847
-8.5187445837459
-9.047085060333517
-7.896694564241447
-9.285118914090274
-7.091708870066189
-5.216501744402293
-8.656033160476605
-3.193409527943598
-4.09240900319385
-3.7902209237247275
-5.807249128188244
-6.567967829750985
-8.070835205629855
-9.88334076112066
-4.715903030202339
-1.827945091539629
-3.9346568015882095
-3.6319309419169254
-2.5643573058845277
-9.506292057137456
-2.7467705793808532
-7.035960950806416
-2.5091232986412217
-6.515093127509968
-5.57314044504766
-5.17937258408181
-2.778992174691015
-3.9969216342262452
-2.457464475991003
-6.620313654979235
-1.7769795739872833
-1.4683432045892957
-1.864048002332746
-7.86215371756073
-1.6796009288924552
-4.092507767935938
-4.759055371519756
-1.2519630856276596
-8.591925001955376
-6.71328777580234
-1.6467656718778407
-2.1437005707993215
-3.212265838206089
-1.5817038212584098
-6.70570608109466
-7.102079747249418
-3.9739975982794498
-4.67104813659696
-7.277757300346574
-9.5562148460289
-9.454587373362369
-8.54037011670682
-8.684262034628677
-7.684616098897492
-7.126423900786657
-6.124342672452928
-8.650387038367858
-1.6133096998097152
-8.171393787743376
-9.086579244015926
-6.817187827003213
-8.202539960380836
-4.3339462568692015
-2.729602449557939
-3.888835757842185
-5.847821637091301
-1.7165821383477287
-5.0048435539657214
-8.152927709178694
-6.521398482863986
-6.0497404650332305
-5.7632486678716
-4.005818000688681
-3.9862428504141683
-8.790948919962545
-5.260482081020384
-2.2139657659141063
-2.1921542676037458
-1.2807757120562204
-7.666446235944349
-8.024224857318684
-6.804257722323465
-3.3906519825597776
-9.59140966919292
-1.6826654375963255
-8.092814704576895
-7.0386303988229875
-3.2967055720869567
-6.778057453492467
-3.5536988634336435
-1.13838544291362
-9.110043674969585
-6.124836539995504
-2.6987570837950186
-3.81215210340574
-7.300524194492518
-6.040167479811972
-4.783273682792074
-7.884026710507056
-3.8954538625421753
-3.5055333176374273
-2.3138594568674673
-3.184868145336509
-9.716371382975762
-8.664233212288853
-1.6131561948302853
-3.5938341636039732
-6.864838823525082
-4.448037034713841
-5.4763235183735945
-6.951820473558822
-2.3016563699994235
-9.194127993358304
-7.7206074928965
-9.725508124740452
-9.164899435252462
-8.655396179511648
-4.997677046078807
-1.827913893559284
-9.329761786237206
-6.164548447019234
-5.625942555787914
-2.749283202536356
-3.154051673143049
-3.5868535555090046
-1.8265969303609229
-7.512694500990738
-5.399900803931896
-4.912517789181798
-6.786971369578904
-7.225078027878726
-4.892727261673661
-9.618398195332682
-7.477421415139606
-1.3925774759284089
-8.649189697326788
-2.3299622079299933
-6.603749013956144
-4.629691889097108
-5.162307086150615
-5.595532375341155
-5.384365533701281
-4.610041480271421
-1.46929754042735
-1.8477486273841581
-9.813431831351915
-6.2925718855662245
-3.204701513006049
-8.506533058128717
-4.095027589400525
-6.100916526145532
-4.883893317463325
-2.336384887080202
-1.0101562838136218
-8.802759406262819
-5.479315755190564
-6.130004607552751
-6.756420889120654
-7.214276106372408
-6.402920474364983
-6.071845620236096
-9.293417970422086
-7.212002354282354
-7.564464157012731
-1.3795096954611115
-8.27579113655371
-4.203478498362222
-9.055832034342423
-3.5127030040096194
-6.958883796282345
-5.400253339214702
-2.8785362545571873
-2.0331307301098356
-6.543058518506035
-1.3823599284156334
-7.031910882774721
-3.1696284002546227
-9.048581281123104
-8.111328864148438
-4.477412641170114
-8.428680865945195
-6.808985739686159
-5.786209631001617
-6.159919329163197
-6.202474884966288
-6.969048505704809
-6.23317325959461
-6.419883197825715
-6.269870446917148
-4.501402567083996
-3.7185479348439348
-7.406629643812104
-2.5948978710411
-4.478767860913808
-2.623184076812577
-2.832334758421039
-3.246165376853071
-2.0935975526495945
-9.217558004328422
-9.19021319961172
-9.132507062959576
-1.2512669968054997
-1.1928850905870512
-7.435135102828764
-9.621783879785935
-2.983528251130463
-9.652267440813835
-7.9788675278951064
-3.8860479344339005
-6.798743045136575
-4.740043636907619
-6.808818768391215
-9.7741613736945
-1.4187017488621194
-7.44633392405153
-6.3545030311459385
-1.1990690818857406
-5.799544691767925
-6.51742050420245
-1.3695587343402487
-3.86072603995963
-9.963393263950834
-9.108270932829871
-7.2698483958467595
-5.301695964838718
-7.8912286943435745
-6.244753842501401
-2.1817374437064343
-6.468143831809703
-7.754740752310062
-6.315307159766843
-1.9541417876553187
-7.8106153576537
-1.815965745138616
-7.0105403554406935
-5.790377558261358
-1.8446520346341586
-3.5438189009352525
-5.290202536352962
-3.2344685456266244
-3.8418279270252684
-6.493199839792055
-7.138739157095243
-1.6745134047732275
-6.659624240270904
-8.995356382786245
-5.770489098705389
-8.13208035368711
-9.022850999341829
-7.950309939972326
-9.890142157353218
-3.5661401851710366
-8.705220396650613
-7.953392790004607
-7.75374293159358
-1.8762948380771505
-1.8879823029204275
-6.905185324060003
-5.241392924668898
-9.533378168507298
-1.1772174856506386
-5.743206577965984
-5.2214624146085
-5.270767046254384
-3.244829124725542
-5.069858168737845
-7.94554959420031
-5.919293279568345
-2.111357537699833
-3.4201375852108855
-2.634130879324891
-3.3848924011956045
-1.9054433686975578
-5.029478387836039
-5.67482394027858
-9.802939412390776
-8.847555736907717
-9.76056496950109
-6.937940562780568
-2.421435676018036
-5.049609362013605
-3.260550476264166
-2.719457211487782
-7.379927228555415
-4.126288103579935
-8.334478151871407
-2.873832067241482
-2.4544752704464745
-4.305378644683394
-6.265021627726355
-5.6597364198303755
-6.236254939292444
-2.8181228664767106
-9.80579159243996
-7.977871534936929
-4.0615899934036275
-9.523233893786543
-7.608175437682417
-3.2430080972382163
-3.5148465847497334
-9.537293759129575
-3.9223954706278326
-6.227655690587832
-7.819634993832007
-6.695391999482993
-7.321464680113848
-2.599330585923001
-3.081405086935458
-7.304276544449987
-5.342682036498772
-1.9182385941415117
-3.9472458685910388
-2.8891427958418596
-8.329555115125201
-9.218623913313795
-7.587776553295161
-8.729896376829329
-9.525652600561418
-8.458330028867724
-6.132582623042806
-1.8161177691038404
-1.1593394904941867
-3.7693287430592033
-6.835062656069242
-9.902115320451674
-2.41427976667868
-4.092786156069904
-9.02293723271747
-3.39325702078619
-9.489416235894303
-8.161361136855916
-4.1409194828238345
-1.985262470287191
-5.843987790566064
-4.510747966997593
-3.7575588331551533
-2.609566991012885
-4.044358781149487
-5.628756115978897
-5.2880678036
-7.234874972517521
-9.71092800745854
-5.084501418491689
-6.133327726435834
-7.090760553516677
-3.5801314974031584
-5.240484366281306
-1.580290035282916
-3.8639721432134664
-6.234718816493163
-6.38652133005521
-5.2146842731864815
-9.787682948936204
-2.67489974888091
-7.258810680180591
-9.407977570065375
-8.516583638377604
-7.329941534162318
-5.181417825938596
-8.518622168151692
-1.6263442292256993
-9.693103160353601
-3.9085419296979538
-4.499196667107407
-7.241746166694942
-4.551124510725141
-7.205276482095801
-4.526743802753121
-6.047236094404254
-1.860534761518215
