306.1988681010937
-7.221229674927173
266.9218880928995
102.24791630387428
266.7272568417996
323.9473933049726
265.91151855433156
229.73813263090798
287.0222727993419
215.96503420505346
284.0578075482222
268.18998147116884
240.74284445442507
305.92644438665286
284.42295479887446
256.18409635991884
255.65580254869124
160.4100868315633
318.03940672129653
240.2361937565537
241.0618997646228
31.453221072729377
212.64805362054804
259.73368650333356
274.171143524062
227.29087088402017
282.5353041700862
289.47673382030234
304.73489408894136
-0.6825957947676073
253.35581236272319
223.73901109374128
220.2007383746974
240.61758666280787
294.6923251937554
235.253382268482
181.3668301862809
294.7823223301964
140.6933780336745
202.59419241430805
285.0858628363394
176.54489196318872
235.5554345556178
266.5074799070332
278.2389964431809
273.0331727676029
-43.03672945849769
295.2097042469976
166.4245475129111
281.1950732778604
314.9686578494534
124.71701284675451
82.67669032830389
254.90787102653658
284.8221290197829
249.8742279923536
4.604552095789586
290.70098932157845
238.51379218318297
281.5433961264147
282.1962345814631
286.20625068989625
272.235886390484
282.3084468624238
-4.011444148338242
253.24416750655067
274.0194767647047
161.06835761276824
228.74288844975575
236.8472059622553
219.40396058763716
-22.94483949578013
277.51981068951204
163.68894022436885
313.48416050611866
201.09806322849258
213.00610440385776
46.30971967507065
255.00596507821274
279.36044659348147
183.57125385668957
254.98658288269752
243.42986451842225
225.0596890835825
255.51813312482665
227.9561782382898
284.3208304528705
261.0914415542191
274.71078332141957
248.92923538701393
276.4849885710607
-181.44393121701702
183.00049955851784
38.33221864371791
2.215757364006919
301.6064482460164
35.50070310927259
267.8337168867145
302.57172407298265
308.8193712093154
218.4864150692639
77.84187154978875
275.4805915945658
217.27193211204423
279.1320275673792
266.01796218398977
295.98390697468636
260.1437341079933
142.7950866448962
259.139525625178
237.37019389194083
293.0337898539781
253.4589504082484
275.12276560372044
45.85689255668209
288.3502211205874
297.56828861164087
243.23960113352018
284.3023511696132
253.25741017660403
287.5077428311321
279.0128253056809
285.8222052582317
-180.3114304101509
235.79679172838283
239.30471017197942
276.10582963815483
223.2528749720944
182.84599465380143
30.45059791807543
17.13203880215744
220.59172311587346
254.7898570939398
-118.25520621907165
-39.64997330811585
254.30058072702641
262.1232838658815
303.1088956391367
254.5790232339163
245.44157397294975
253.959891708548
276.99374909588613
269.1908322308331
114.44630858144473
280.48374994147986
0.013450343103627915
284.99171340764326
269.3253864467391
-165.24286941649788
304.30180118927973
271.7007993301978
224.84871544711672
277.4776867301482
289.0352937067855
302.2119276464373
6.17649052630955
-167.46883330005764
280.67275252613547
245.0948867292811
306.98873950537063
288.2100218113726
214.3671936975582
233.8617208852911
-140.24693511201144
261.52382413576686
-9.084753690231793
305.81522209108516
214.82984002432715
269.03803224070884
187.85115023024633
121.03518299952067
244.0090140240886
209.89266735945276
229.38567568107817
263.1138279987986
277.9585988575127
263.22309099762595
272.7689970873074
223.67537113963334
275.9101601695453
67.04545993332263
275.60339563477885
262.3053073907445
268.3944560353786
-116.2792395725669
272.3318028134804
286.5849267291526
256.25288681351617
241.41425874081963
42.823199775432414
155.6361692907056
291.98289620308583
295.6517756071987
211.8689031795023
170.23549073378842
212.07963516113466
263.9800770978559
-29.15554718368209
282.5380457085409
259.67476744092403
233.25805467817392
229.33355082528024
252.7726556088259
252.62153388855623
245.94929186233182
233.9284377572312
-16.851192748579194
266.8764468773294
306.74017015332004
212.6625894620202
227.41668445772845
111.70810056500366
278.41028407579563
184.01948136718968
256.4595054337834
35.86173780975395
280.96344369746294
260.3257770231507
145.34794367457587
257.07967839461094
233.39046568368087
231.9630997816184
276.9419091162654
296.79417788081116
274.8725959997482
187.1766750001535
20.34043995900342
241.68593781589354
232.7445967444476
214.1877690460576
40.229765853334754
301.7396200736913
256.8980698196883
227.0975195171885
239.92771700007265
275.4245933166442
286.49892055941905
259.6861150401999
266.2261105352531
-19.980356715225852
227.54992878479965
236.19597882919936
52.1566182953586
252.83367501453597
-33.58149011210267
279.28887838848027
283.26583653502416
307.7297823775893
242.3537678406811
319.10862537578953
-102.92403170607935
259.7108495801125
260.66961209552574
270.07461488846604
-13.419568672683852
262.41538413350355
164.53642690608234
262.91956374167063
223.04114993350848
306.3925923135097
282.56325032619463
266.1268070112973
209.08431687669503
253.3692271309873
9.409141787427885
263.82861929979555
327.0006541143763
247.6900503089197
228.64865275167932
-144.68267256624785
278.9123612965802
276.1679874057124
265.5860418629061
280.3974245558842
261.37231160695796
258.2503124550461
244.3184645897151
268.36443723930876
278.34979756706616
220.18186428791626
266.7106041629683
190.7442836095591
238.95543020200748
266.40952898205165
273.1743081879263
-54.85251647305225
197.4556944784863
244.7022896482017
281.47457604910335
266.6564050208343
237.1251651476717
233.05874836572144
233.48006185430833
227.0669658056921
228.7692391408288
33.09658759044896
231.36644492652266
270.3072187290975
235.45838246029626
280.6481376978369
284.58556242401573
299.1370303325249
244.5371719326708
259.6304766454673
237.95017915804107
231.4105377277845
316.5784753357904
273.56472039373
305.3211859380999
334.5336032867016
251.8864409292908
268.9590840932227
280.416418297713
181.4977923924019
328.8717847012074
266.63531282754013
205.98134360260838
283.88184916233763
281.4394652465968
213.00059743172199
281.3269484108066
295.2034018239203
288.8565458156711
204.23981413590352
-162.50965850200862
218.14782747952734
297.17342501334696
246.65041004148193
298.2224473425786
312.22376472949725
263.28413296969904
-111.16536635615995
18.27728099324031
300.628838111547
274.3809279172626
254.50261513414833
157.60353806882415
276.7362387269426
217.77033759928548
254.82815978802935
277.32672006605833
236.22291222915268
309.4459041605277
229.71201852813218
21.0043920056074
-67.6464799538957
252.95909900439435
258.66694334248626
205.50580155955362
258.5264710480859
221.31936995979277
237.11060673429856
222.82163338904022
301.17530479201406
281.8101782364355
268.5806814151417
305.04221562769186
261.66955675000384
285.0778049002007
329.8654319831621
218.24271940093678
259.1667400763712
262.76090440388657
276.27261245093774
259.28211238031184
251.78590529580657
-79.87515619633983
244.30599541139196
286.78234864397297
19.32078494748677
272.26727209311423
299.8655420925536
287.35358691593
177.4156660400028
-38.27007553563804
257.52313219308394
289.8208335080276
300.6782549854846
303.7712059824662
-155.78917796267498
286.58342197052855
294.88457348988425
273.7001703571169
254.8260428804493
229.62630327078088
279.81166329747384
192.57412446461106
277.14377352579254
231.50205756400484
104.79025269975727
285.9721205359379
183.77991405679307
229.2357026275511
267.80172421255406
184.4397737783929
272.8616551375894
285.0023613667819
-1.900099110469398
284.43352166462154
262.2309199040275
220.4556553411149
262.44939483086296
256.5727439083306
-200.06183181247894
276.2372963998693
222.54881503000243
48.941128270226784
23.597272544106488
259.39194781130743
247.5030847798265
208.76619931537806
281.97930100986423
-11.05607702971201
268.25020126542336
242.315200338881
255.85289395456385
283.7232221435446
283.65175474638806
-117.41307524673131
231.23634743487864
276.14683238618676
252.67597185554757
289.2694290527073
239.38085045222277
62.6510408216258
147.05917622787808
248.9517127807235
201.43771430472196
268.51171641716087
160.9356774891902
209.81139282195898
257.20145004887144
195.65999666736454
288.39799958013685
266.2698927043683
254.33349558194064
274.9524814846435
267.9348591103911
275.22489073662314
254.16416953827087
235.6952303237912
292.11944622950466
275.3956244787313
249.48889589744982
288.28023394732827
259.6746237110426
220.48092715980223
255.13199287739542
265.63858426582476
51.35537321497773
256.1998651304043
32.10307461208495
-110.54730138076052
261.9329623368442
11.699445758946382
289.57757954438136
177.18519156092924
257.93221534906775
156.5281972094524
297.73053775578825
242.16734812800615
4.780179942058534
269.7075354583337
355.7250004451163
290.7777680624555
27.34714393719578
270.7316230390277
277.45077807984285
225.83095423796996
239.8290285369811
-59.07296234100098
279.67345615377417
-146.98239521859247
253.1197326497144
289.0663737119889
197.19077248590037
259.2528055459898
285.1645276733858
279.45045658593233
249.4073799611989
277.13863243498736
254.31949487941495
-2.5883649178868353
273.97435143312623
-0.5654418757368092
71.53389845636787
248.70494812766614
283.98405967184567
268.0728975743456
129.34552446943124
267.4535470237141
261.9891744427515
266.7023170376499
-143.29644286866036
232.46264873160158
261.39431938191933
243.59039853752006
213.45371173078036
308.22562012048934
262.7396620604774
297.0724721282958
280.4498189414329
-133.92597483969726
243.9656163890694
-151.10856519544214
296.06540064341516
269.29224263609524
294.42727960094794
298.4357485462214
-155.21649386533147
-5.087389656845787
238.46898356939118
264.0745683125155
-6.131389041772906
48.5934096643243
284.2230108284131
249.393696816214
257.47687524610615
225.1875802355497
303.47449741703895
100.02421543872512
349.0197621025638
46.053205723927476
273.8800447434734
191.72926236449598
246.748832162946
270.0396454900004
171.23480977131982
259.4773487079543
290.5544051435256
258.1402462736828
291.81904140780694
280.0820846727459
255.99278400399479
162.2724381910502
313.37603606216925
230.6997280022021
215.39323461067474
231.3277061777744
3.979104098622173
252.96816761541746
288.1379483932004
148.05017257368422
245.4369510866311
248.58672168618943
243.8382532597838
284.8408106399364
68.41379206585775
68.3300440561686
252.1856653316857
176.26438827152208
222.2687105901758
242.47529933331316
253.8749271167502
269.69328096203293
156.0977751156598
18.248311400972923
213.04485652796023
220.00063859076312
221.6236767806502
53.1075776711419
237.51683106512604
272.95300401618795
26.84955263091922
287.69605857776907
257.95087847352704
243.7509644166043
12.18532551828929
147.70227134725152
187.65248191909916
250.48117483219298
329.44863112275243
224.37341254866286
290.15548714180204
228.94989140462124
288.61784761867136
195.05691357419283
58.81835646787684
252.8381772051875
269.6330656153681
262.12685785798897
290.9937378696627
285.2824108828992
194.3409533498614
269.43109163608335
262.92521761163135
255.98928386215857
265.0821796929905
192.11512256281597
271.53302744010307
223.31943634582834
296.50968133259164
281.65640239763513
33.919969195879105
265.6146730341836
282.19309495902354
297.2956891644187
236.1374203350569
233.35579713397468
300.03643895006246
292.3334464515955
235.3062201539593
271.4529454410442
281.54572926910413
295.3825171799133
288.2143738180756
48.555165302809144
159.09750891095638
253.69343150857807
271.02339482812505
326.6101339435011
283.2356660133918
284.72874751527763
70.69125589065243
277.8574407970376
229.3499443621478
176.39153732441764
-96.75862204448543
154.95018757058307
-8.580754504509764
203.8145915297895
263.548700093633
209.95543216294243
-136.75383047586902
-94.00002951931305
11.017507777549355
270.2072519925896
271.822021758113
308.86184449963605
257.4796400930617
26.310378160127968
270.4399942719453
260.23467685893246
8.644159319869615
280.5783063147852
219.64012421336105
50.069863096018366
270.5939651317002
288.089309659926
222.4153420687079
259.99319365239967
222.94100284711396
95.07512192036839
221.6293075459558
305.5236200985986
229.90768010751333
268.59155089654314
252.70074154068953
282.2520032229832
266.92353657226505
286.1514383774262
225.72673931636058
279.43781393255006
-17.021240988896125
196.1071985094726
-3.7033326365154426
252.39309240152065
87.72815463027668
313.15030335968174
234.59013980361368
287.0865261144435
304.2712861919384
271.4031366128396
7.055005444882269
286.4013946198294
213.90982904478525
214.59366942402733
254.7249807748776
201.3241252476913
315.37469393315126
134.07147278201802
266.8282765157909
266.03516676694437
229.0665522085657
247.08097890896676
206.08292169457542
281.21441024925764
276.3744495689193
25.961574123266658
191.89075656932067
171.88390326971074
209.76470969999926
286.0368247554106
242.70732625406112
297.2113364867435
263.412349999804
311.8942864251077
251.21924868675822
318.30474280732653
272.27180932990666
226.11177180306984
270.8460402567851
298.80212095318495
289.648819731674
-13.249112350664063
306.63332255579894
297.1240761104405
254.70675635133347
42.44958144316692
229.70349960582362
313.7744703159637
223.68125325456754
318.5607271381614
269.79249255123636
275.83636508962246
275.159376568213
284.8749388703511
240.62634560369685
-140.13744924799315
267.1095409394735
-12.85071234716358
252.15922952970337
239.69784798234735
246.1841798142521
294.68433309671553
266.0471719326109
241.4122037025861
-154.6049551900277
-18.88201889764443
85.62802058310272
255.22849604752645
233.06347786692461
317.6627132901295
192.98159179479623
278.48460639767853
305.02768615787176
287.78742038689484
258.8133089606099
273.5309121602328
254.03380302464817
262.9175698178048
209.6197730304178
-0.02713651669569117
272.2740355535559
188.14182116644696
282.3581013152767
256.4159597688125
229.54524822431006
278.7195792772603
310.45874899583924
279.43963963937813
245.95255719535572
289.8599296231512
291.0814421895094
193.4692540326234
242.17390759234198
159.04051364636723
248.0970660242853
267.9608801991664
164.61946749224325
249.86752520544746
221.06274914830664
-31.16572499280396
267.2935513251904
268.30791287396534
271.75553424787597
-51.48360614213961
233.74055190907504
47.217094370331
-2.0849251539643063
226.75265164697663
280.7807316670138
277.2373677695109
291.39498858939083
294.4772075929001
316.2446521150895
276.5823947765092
66.4687308701141
282.54847518845895
246.117223543628
252.90435764753735
257.3449024601755
289.8464607101758
288.06148527173673
255.33408535159683
247.43650864428145
271.7957503698666
294.1406434261762
-7.126629371284594
292.6578035113051
276.7120209596152
301.2386169622528
205.60797254063962
277.37549335444453
265.14599129564374
240.80167506100878
194.488261954804
278.3145963439729
239.09599206117878
257.5468938108317
213.35185063286838
284.6501455532804
263.17734699190896
11.985300451245863
258.2210048688032
231.34620328687546
274.1358116045543
215.97448818919946
93.43543388596444
1.6767550207293507
252.4885646353876
239.48069201348983
51.3633407610637
174.05490360491996
248.84966673645278
226.59239990287824
298.61905435140295
227.5479435560377
254.41385013914197
310.39999619359503
-13.998620588502405
203.09225332202635
199.92495892207805
280.8976198344596
242.0550159836849
252.7643081760773
252.95523587732697
309.4280718078303
292.773858912532
285.9356042579649
208.71569137176948
-6.677444412336982
42.512819532062736
270.0488576290817
280.5778503532465
116.78445827279997
261.123737288647
302.6092868564683
256.21094688618416
56.44807337864668
-19.37414407135884
103.69272868364311
81.05352000674887
195.38641979268442
137.6353732310474
308.18151154117083
228.0261919330236
281.33371819707486
276.88294375333567
292.50063626466056
239.46933493896844
251.57071078871138
231.57948801288876
292.003877715832
303.36176711001275
221.75872675751668
-93.6989900293939
276.3120310074494
265.5761392008973
296.6600831089268
120.72957350005932
225.48204346871273
266.16905789818827
283.21403031769336
285.4374127488534
250.50168720434542
241.63696101257446
304.85578274600306
250.15397365837697
-65.57271632345405
280.15448697370687
277.69693862274767
170.78014477737597
-168.05633980178777
309.85545845128433
246.8408685548391
277.2392993939356
204.8940107297011
268.04972558225137
231.94685994314895
236.65487163571896
293.2069272587526
192.85308750921
279.24545233053186
262.7567147160643
221.62019648778502
242.93829781594678
262.22395407473323
121.57263061982832
218.10781254865606
188.74330547215857
281.1954443176302
-21.149313953874497
-93.42658155068403
234.5926379210362
290.10660098503394
261.3856951457449
311.97024406825
275.4039763204658
-36.02456991264593
111.75846679564955
270.1693826225282
275.6334103493406
-118.70762252182627
290.99677902745776
303.22219626116
280.0564527845934
258.6516668356703
262.54909756351003
163.58743182810622
310.1189615638997
268.3784596608873
286.49026578870996
238.58332358108035
319.5252836571211
187.70753231326245
19.207704520382137
244.9590452399589
230.21665681783924
308.05963577893453
32.69790012061196
260.8177275820519
31.025100381312868
254.7849657600148
318.27896556971734
259.72241206949457
271.59491685637494
256.62066910237456
243.09516920005532
293.6817995425754
288.1343859175029
302.78028370440194
298.2484329355593
287.089254203425
25.256607708388657
270.7768006316886
-5.5912924709185745
29.435900471558142
294.46413142539257
272.7603815250352
206.47283601969292
276.40536404423244
284.21086000535786
225.18215134693259
21.788996029027714
281.27361510829155
305.225364127846
304.081513550686
293.45425276684364
244.86423975752766
281.04392876191355
211.4161822847154
267.22892121160226
225.24564216414637
221.35959090093672
244.31069804657162
211.16107143353076
259.82647817019586
200.9648029659798
303.9218577485028
267.3421161457047
-264.8136787679059
222.8868208169819
301.1729745519606
-5.971430183527886
321.8933560959973
259.9440196859995
265.4398231068872
281.1760259375385
247.52541850886374
214.55956806649576
264.10286207881495
316.93435148720596
243.94815598226393
298.35518583047303
229.64070718922278
297.61778728908854
308.3395770505232
231.76064612562422
303.5030327113801
241.53088083903344
154.07497888444362
-8.265137074564862
207.97373774295693
276.08742728919276
269.0700644620447
5.309762792242097
257.99621911255474
309.71401944145634
238.5161415120428
35.51147294985594
291.3390751041471
208.05453452896776
272.2576977546939
27.06560122417615
257.7637325288197
247.66482461327308
275.90491635365834
283.2888637982285
242.3033321997035
258.9494312438454
269.16054274639544
271.8022765348576
190.167141472703
246.38801638644503
302.470378404792
258.06463353424306
226.32305247535834
281.44659816398354
-116.01317663008986
